% DANE UCZACE
% macierz wielkoœci 5x7

%           Q q R r S s T t U u V v W w X x Y y Z z 
wejscie = [ 0 0 1 0 0 0 1 0 1 0 1 0 1 0 1 0 1 0 1 0 ; 
            1 0 1 0 1 0 1 0 0 0 0 0 0 0 0 0 0 0 1 0 ;
            1 0 1 0 1 0 1 0 0 0 0 0 0 0 0 0 0 0 1 0 ;
            1 0 1 0 1 0 1 0 0 0 0 0 0 0 0 0 0 0 1 0 ;
            0 0 0 0 0 0 1 0 1 0 1 0 1 0 1 0 1 0 1 0 ; 
            1 0 1 0 1 0 0 0 1 0 1 0 1 0 1 0 1 0 0 0 ;
            0 1 0 0 0 0 0 0 0 0 0 0 0 0 0 0 0 0 0 0 ;
            0 1 0 0 0 0 1 1 0 0 0 0 0 0 0 0 0 0 0 0 ;
            0 1 0 0 0 0 0 0 0 0 0 0 0 0 0 0 0 0 0 0 ;
            1 0 1 0 1 0 0 0 1 0 1 0 1 0 1 0 1 0 1 0 ;
            1 0 1 0 1 0 0 0 1 0 1 0 1 0 0 1 0 1 0 0 ;
            0 1 0 0 0 1 0 1 0 0 0 0 0 0 1 0 1 0 0 0 ;
            0 0 0 0 0 1 1 1 0 0 0 0 0 0 0 0 0 0 0 0 ;
            0 1 0 0 0 1 0 1 0 0 0 0 0 0 1 0 1 0 1 0 ;
            1 0 1 0 0 0 0 0 1 0 1 0 1 0 0 1 0 1 0 0 ;
            1 0 1 1 0 0 0 0 1 1 1 1 1 1 0 0 0 0 0 1 ;
            0 1 1 1 1 1 0 0 0 1 0 0 0 0 0 1 0 1 0 1 ;
            0 0 1 0 1 0 1 1 0 0 0 0 0 0 1 0 1 0 1 1 ;
            0 1 1 1 1 0 0 0 0 1 0 0 0 0 0 1 0 1 0 1 ;
            1 0 0 0 0 1 0 0 1 0 1 1 1 1 0 0 0 0 0 0 ;
            1 0 1 0 0 0 0 0 1 0 1 1 1 1 0 0 0 0 0 0 ;
            0 1 0 0 0 0 0 0 0 1 0 0 0 0 1 0 0 0 1 0 ;
            1 1 1 1 0 1 1 1 0 0 0 0 1 0 0 1 1 1 0 1 ;
            0 1 0 0 0 0 0 0 0 1 0 0 0 0 1 0 0 0 0 0 ;
            1 0 0 1 1 0 0 0 1 0 1 1 1 1 0 0 0 0 0 0 ;
            1 0 1 0 1 1 0 0 1 0 0 0 1 1 1 0 0 0 1 0 ;
            0 0 0 0 0 0 0 0 0 1 1 1 0 0 0 1 0 0 0 1 ;
            0 0 0 1 0 0 1 1 0 0 0 0 1 1 0 0 1 1 0 0 ;
            1 1 1 0 0 1 0 0 0 1 1 1 0 0 0 1 0 0 0 0 ;
            0 0 0 0 1 0 0 1 1 0 0 0 1 1 1 0 0 0 0 0 ;
            0 0 1 0 0 0 0 0 0 0 0 0 0 0 1 1 0 0 1 1 ;
            1 0 0 0 1 1 0 0 1 1 0 0 1 1 0 0 0 1 1 1 ;
            1 1 0 1 1 1 1 1 1 1 1 1 0 0 0 0 1 1 1 1 ;
            0 1 0 0 1 1 0 1 1 1 0 0 1 1 0 0 0 0 1 1 ;
            1 1 1 0 0 0 0 0 0 1 0 0 0 0 1 1 0 0 1 1 ;
            ];

%DANE TESTUJACE

Q = [ 0; 1; 1; 1; 0; 1; 0; 0; 0; 1; 1; 0; 0; 0; 1; 1; 0; 0; 0; 1; 1; 0; 1; 0; 1; 1; 0; 0; 1; 0; 0; 1; 1; 0; 1 ];
q = [ 0; 0; 0; 0; 0; 0; 1; 1; 1; 0; 0; 1; 0; 1; 0; 0; 1; 0; 1; 0; 0; 1; 1; 1; 0; 0; 0; 0; 1; 0; 0; 0; 1; 1; 1 ];

R = [ 1; 1; 1; 1; 0; 1; 0; 0; 0; 1; 1; 0; 0; 0; 1; 1; 1; 1; 1; 0; 1; 0; 1; 0; 0; 1; 0; 0; 1; 0; 1; 0; 0; 0; 1 ];
r = [ 0; 0; 0; 0; 0; 0; 0; 0; 0; 0; 0; 0; 0; 0; 0; 1; 1; 0; 1; 0; 0; 0; 1; 0; 1; 0; 0; 1; 0; 0; 0; 0; 1; 0; 0 ];

S = [ 0; 1; 1; 1; 0; 1; 0; 0; 0; 1; 1; 0; 0; 0; 0; 0; 1; 1; 1; 0; 0; 0; 0; 0; 1; 1; 0; 0; 0; 1; 0; 1; 1; 1; 0 ];
s = [ 0; 0; 0; 0; 0; 0; 0; 0; 0; 0; 0; 1; 1; 1; 0; 0; 1; 0; 0; 1; 0; 0; 1; 0; 0; 1; 0; 0; 1; 0; 0; 1; 1; 1; 0 ];

T = [ 1; 1; 1; 1; 1; 0; 0; 1; 0; 0; 0; 0; 1; 0; 0; 0; 0; 1; 0; 0; 0; 0; 1; 0; 0; 0; 0; 1; 0; 0; 0; 0; 1; 0; 0 ];
t = [ 0; 0; 0; 0; 0; 0; 0; 1; 0; 0; 0; 1; 1; 1; 0; 0; 0; 1; 0; 0; 0; 0; 1; 0; 0; 0; 0; 1; 0; 1; 0; 0; 1; 1; 0 ];

U = [ 1; 0; 0; 0; 1; 1; 0; 0; 0; 1; 1; 0; 0; 0; 1; 1; 0; 0; 0; 1; 1; 0; 0; 0; 1; 1; 0; 0; 0; 1; 0; 1; 1; 1; 0 ];
u = [ 0; 0; 0; 0; 0; 0; 0; 0; 0; 0; 0; 0; 0; 0; 0; 1; 1; 0; 1; 0; 0; 1; 0; 1; 0; 0; 1; 0; 1; 0; 0; 1; 1; 1; 1 ];

V = [ 1; 0; 0; 0; 1; 1; 0; 0; 0; 1; 1; 0; 0; 0; 1; 1; 0; 0; 0; 1; 1; 0; 0; 0; 1; 0; 1; 0; 1; 0; 0; 0; 1; 0; 0 ];
v = [ 0; 0; 0; 0; 0; 0; 0; 0; 0; 0; 0; 0; 0; 0; 0; 1; 0; 0; 0; 1; 1; 0; 0; 0; 1; 0; 1; 0; 1; 0; 0; 0; 1; 0; 0 ];

W = [ 1; 0; 0; 0; 1; 1; 0; 0; 0; 1; 1; 0; 0; 0; 1; 1; 0; 0; 0; 1; 1; 0; 1; 0; 1; 1; 0; 1; 0; 1; 0; 1; 0; 1; 0 ];
w = [ 0; 0; 0; 0; 0; 0; 0; 0; 0; 0; 0; 0; 0; 0; 0; 1; 0; 0; 0; 1; 1; 0; 0; 0; 1; 1; 0; 1; 0; 1; 0; 1; 0; 1; 0 ];

X = [ 1; 0; 0; 0; 1; 1; 0; 0; 0; 1; 0; 1; 0; 1; 0; 0; 0; 1; 0; 0; 0; 1; 0; 1; 0; 1; 0; 0; 0; 1; 1; 0; 0; 0; 1 ];
x = [ 0; 0; 0; 0; 0; 0; 0; 0; 0; 0; 1; 0; 0; 0; 1; 0; 1; 0; 1; 0; 0; 0; 1; 0; 0; 0; 1; 0; 1; 0; 1; 0; 0; 0; 1 ];

Y = [ 1; 0; 0; 0; 1; 1; 0; 0; 0; 1; 0; 1; 0; 1; 0; 0; 0; 1; 0; 0; 0; 0; 1; 0; 0; 0; 0; 1; 0; 0; 0; 0; 1; 0; 0 ];
y = [ 0; 0; 0; 0; 0; 0; 0; 0; 0; 0; 1; 0; 0; 0; 1; 0; 1; 0; 1; 0; 0; 0; 1; 0; 0; 0; 0; 1; 0; 0; 0; 1; 1; 0; 0 ];

Z = [ 1; 1; 1; 1; 1; 0; 0; 0; 0; 1; 0; 0; 0; 1; 0; 0; 0; 1; 0; 0; 0; 1; 0; 0; 0; 1; 0; 0; 0; 0; 1; 1; 1; 1; 1 ];
z = [ 0; 0; 0; 0; 0; 0; 0; 0; 0; 0; 0; 0; 0; 0; 0; 1; 1; 1; 1; 0; 0; 0; 1; 0; 0; 0; 1; 0; 0; 0; 1; 1; 1; 1; 1 ];